0 0 1 0.002025
1 0 6 0.005952
2 1 2 0.014350
3 2 3 0.012279
4 3 4 0.011099
5 4 0 0.006157
6 5 7 0.001408
7 5 8 0.012008
8 7 265 0.003213
9 8 298 0.005382
10 9 10 0.012940
11 9 36 0.018695
12 9 37 0.002948
13 10 11 0.013238
14 11 12 0.028027
15 12 13 0.016322
16 13 14 0.032190
17 14 15 0.009105
18 15 16 0.012708
19 16 17 0.026648
20 17 18 0.009636
21 18 19 0.014209
22 19 20 0.008261
23 20 21 0.011507
24 21 22 0.008586
25 22 23 0.011969
26 23 24 0.011713
27 24 25 0.011671
28 25 26 0.007185
29 26 27 0.010523
30 27 28 0.004280
31 28 29 0.025794
32 29 30 0.012105
33 30 31 0.008134
34 32 33 0.004146
35 33 34 0.036841
36 34 35 0.010447
37 35 36 0.060716
38 37 38 0.013728
39 38 39 0.029701
40 39 81 0.014980
41 39 352 0.011856
42 40 41 0.017283
43 41 42 0.028705
44 42 43 0.021697
45 43 44 0.025206
46 44 45 0.002177
47 45 46 0.020985
48 46 47 0.019932
49 47 48 0.008022
50 48 49 0.019249
51 49 50 0.009867
52 50 51 0.027761
53 51 52 0.008678
54 52 53 0.024407
55 53 54 0.014323
56 54 55 0.001863
57 55 56 0.008959
58 56 57 0.012509
59 57 58 0.022527
60 58 126 0.019421
61 58 435 0.013456
62 59 60 0.016531
63 59 253 0.005818
64 59 816 0.016086
65 60 61 0.031563
66 61 62 0.027669
67 62 63 0.012532
68 63 64 0.012866
69 64 65 0.015377
70 65 66 0.022248
71 66 67 0.021392
72 67 68 0.002554
73 68 69 0.005599
74 69 70 0.016055
75 70 71 0.013567
76 71 72 0.066416
77 72 73 0.015755
78 73 74 0.031464
79 74 75 0.001165
80 75 76 0.022868
81 76 77 0.018631
82 77 78 0.013327
83 78 79 0.005933
84 79 80 0.004456
85 81 82 0.006983
86 82 98 0.025227
87 82 339 0.013596
88 83 84 0.004685
89 83 141 0.032288
90 83 203 0.007657
91 84 85 0.018784
92 85 86 0.023237
93 86 87 0.018688
94 87 88 0.017547
95 88 89 0.009922
96 89 90 0.008265
97 90 91 0.006190
98 91 92 0.024057
99 92 93 0.016769
100 93 94 0.012298
101 94 95 0.020742
102 95 96 0.006112
103 96 97 0.011688
104 97 98 0.012552
105 99 100 0.006583
106 99 140 0.010628
107 99 844 0.031105
108 100 101 0.016842
109 101 102 0.012448
110 102 103 0.011222
111 103 104 0.012376
112 104 105 0.013291
113 105 106 0.012946
114 106 107 0.018143
115 107 108 0.021829
116 108 109 0.006937
117 109 110 0.026628
118 110 111 0.021138
119 111 112 0.016123
120 112 113 0.004009
121 113 114 0.004626
122 114 115 0.008941
123 115 116 0.008369
124 116 117 0.005198
125 117 118 0.011064
126 118 119 0.038556
127 119 120 0.004030
128 120 121 0.010565
129 121 122 0.005380
130 122 123 0.020669
131 123 124 0.011744
132 124 125 0.002232
133 126 127 0.013026
134 127 128 0.009805
135 128 129 0.013672
136 129 130 0.012573
137 130 131 0.011241
138 131 132 0.012268
139 132 133 0.012922
140 133 134 0.015057
141 134 135 0.022225
142 135 136 0.007738
143 136 137 0.013933
144 137 138 0.008177
145 138 139 0.004529
146 139 140 0.008271
147 141 142 0.014467
148 142 143 0.013547
149 143 144 0.019778
150 144 145 0.007794
151 145 146 0.024411
152 146 147 0.015927
153 147 148 0.014029
154 148 149 0.006673
155 149 150 0.008640
156 150 151 0.003817
157 151 152 0.015680
158 152 153 0.012033
159 153 154 0.009732
160 154 155 0.012624
161 155 156 0.019826
162 156 157 0.009746
163 157 158 0.005498
164 158 159 0.008622
165 159 160 0.003241
166 160 161 0.005861
167 161 162 0.004167
168 162 163 0.005927
169 163 164 0.009411
170 164 165 0.002691
171 165 166 0.003569
172 166 167 0.010080
173 167 168 0.008650
174 168 169 0.005308
175 169 170 0.006186
176 170 171 0.007376
177 171 172 0.006380
178 172 173 0.016223
179 173 174 0.010848
180 174 175 0.015264
181 175 176 0.007056
182 176 177 0.011943
183 177 178 0.008682
184 178 179 0.011060
185 179 180 0.005331
186 180 181 0.011361
187 181 182 0.001065
188 182 183 0.028354
189 183 184 0.005509
190 184 185 0.008762
191 185 186 0.005606
192 186 187 0.011301
193 187 188 0.005617
194 188 189 0.053568
195 189 190 0.013136
196 190 191 0.007289
197 191 192 0.005405
198 192 193 0.019107
199 193 194 0.003795
200 193 254 0.011882
201 194 195 0.030517
202 195 196 0.021448
203 196 197 0.033562
204 197 198 0.021107
205 198 199 0.022167
206 199 200 0.023006
207 200 201 0.007840
208 201 202 0.016997
209 202 203 0.012466
210 204 205 0.031946
211 205 206 0.011189
212 206 207 0.003613
213 207 208 0.002318
214 208 209 0.015450
215 209 210 0.023003
216 210 211 0.016882
217 211 212 0.009775
218 212 213 0.010929
219 213 214 0.017199
220 214 215 0.017210
221 215 216 0.017106
222 216 217 0.013172
223 217 218 0.041236
224 218 219 0.018954
225 219 242 0.022239
226 219 323 0.009019
227 220 221 0.006032
228 221 222 0.012513
229 222 223 0.009633
230 223 224 0.017513
231 224 225 0.011494
232 225 226 0.008993
233 226 227 0.004160
234 227 228 0.020404
235 228 229 0.004665
236 229 230 0.003068
237 230 231 0.010751
238 231 232 0.024911
239 232 233 0.012240
240 233 234 0.026502
241 234 235 0.033710
242 235 236 0.003366
243 236 237 0.005572
244 237 238 0.011439
245 238 239 0.017784
246 239 240 0.013191
247 240 241 0.034723
248 241 296 0.006311
249 241 643 0.005736
250 242 243 0.010485
251 243 244 0.014697
252 244 245 0.022546
253 245 246 0.010319
254 246 247 0.011945
255 247 248 0.008754
256 248 249 0.004297
257 249 250 0.019544
258 250 251 0.025400
259 251 252 0.006569
260 252 253 0.012076
261 254 255 0.025194
262 255 256 0.015676
263 256 257 0.006107
264 257 266 0.018942
265 257 589 0.005020
266 258 259 0.004780
267 258 297 0.004359
268 258 336 0.007862
269 259 260 0.048560
270 260 261 0.022314
271 261 262 0.047586
272 262 263 0.012712
273 263 264 0.026846
274 264 265 0.053762
275 266 267 0.038320
276 267 268 0.011671
277 268 269 0.018128
278 269 270 0.009470
279 270 271 0.047658
280 271 272 0.012753
281 272 273 0.003198
282 273 274 0.012859
283 274 275 0.018182
284 275 276 0.018421
285 276 277 0.020083
286 277 278 0.007935
287 278 279 0.015029
288 279 280 0.010414
289 280 281 0.020870
290 281 282 0.008274
291 282 283 0.014317
292 283 284 0.004917
293 284 285 0.001544
294 285 286 0.017320
295 286 287 0.008254
296 287 288 0.019493
297 288 289 0.006710
298 289 290 0.009470
299 290 291 0.013574
300 291 292 0.004069
301 292 293 0.011002
302 293 294 0.008329
303 294 295 0.008901
304 295 296 0.020435
305 297 434 0.043169
306 297 700 0.025031
307 298 299 0.032552
308 299 300 0.038203
309 300 301 0.031739
310 301 302 0.008548
311 302 303 0.022160
312 303 304 0.003761
313 304 305 0.013606
314 305 306 0.009618
315 306 307 0.015385
316 307 308 0.016124
317 308 309 0.018617
318 309 310 0.048724
319 310 311 0.006740
320 311 312 0.007868
321 312 313 0.009712
322 313 314 0.008879
323 314 315 0.014656
324 315 325 0.014302
325 315 627 0.003280
326 316 317 0.032001
327 317 318 0.017006
328 318 319 0.007076
329 319 320 0.011128
330 320 321 0.033387
331 321 322 0.016753
332 322 337 0.007601
333 323 324 0.042446
334 324 337 0.002468
335 325 326 0.039453
336 326 327 0.046499
337 327 328 0.039788
338 328 329 0.022961
339 329 330 0.003881
340 330 331 0.005668
341 331 332 0.018519
342 332 333 0.018655
343 333 334 0.007269
344 334 335 0.015798
345 335 336 0.055641
346 337 338 0.013884
347 338 471 0.040594
348 339 340 0.009984
349 340 341 0.017330
350 341 342 0.006502
351 342 343 0.012144
352 343 344 0.007215
353 344 345 0.032178
354 345 346 0.017577
355 346 353 0.003416
356 346 387 0.019318
357 347 348 0.041055
358 347 353 0.002305
359 348 349 0.011584
360 349 350 0.027928
361 350 351 0.016831
362 351 352 0.021533
363 353 354 0.006125
364 354 407 0.006928
365 355 356 0.024143
366 356 357 0.041199
367 357 358 0.052967
368 358 359 0.014289
369 359 360 0.030700
370 360 361 0.019138
371 361 362 0.008929
372 362 363 0.004157
373 363 364 0.037511
374 364 365 0.050812
375 365 386 0.033609
376 365 669 0.044562
377 366 367 0.004608
378 367 368 0.031350
379 368 369 0.022661
380 369 370 0.004911
381 370 371 0.007765
382 371 372 0.008110
383 372 373 0.015970
384 373 374 0.029356
385 374 375 0.009096
386 375 376 0.006888
387 376 377 0.014710
388 377 378 0.033498
389 378 379 0.009850
390 379 380 0.020481
391 380 381 0.010348
392 381 382 0.036575
393 382 383 0.004665
394 383 384 0.009033
395 384 385 0.014182
396 385 386 0.027509
397 387 469 0.008644
398 388 389 0.011140
399 388 541 0.015381
400 388 626 0.016399
401 389 390 0.028183
402 390 391 0.008198
403 391 392 0.019362
404 392 393 0.008923
405 393 394 0.007665
406 394 395 0.010284
407 395 396 0.025654
408 396 397 0.014434
409 397 398 0.040278
410 398 399 0.023045
411 399 400 0.029082
412 400 401 0.016242
413 401 402 0.017217
414 402 403 0.000581
415 403 404 0.014640
416 404 405 0.011022
417 405 406 0.017933
418 407 408 0.016602
419 408 409 0.029516
420 409 410 0.033033
421 410 411 0.007994
422 411 412 0.012403
423 412 413 0.058289
424 413 414 0.083890
425 414 415 0.014141
426 415 416 0.035133
427 416 417 0.030400
428 417 418 0.003413
429 418 419 0.013209
430 419 420 0.031423
431 420 421 0.040332
432 421 422 0.029040
433 422 423 0.011729
434 423 424 0.012169
435 424 425 0.009289
436 425 426 0.015453
437 426 427 0.016224
438 427 428 0.006420
439 428 429 0.016951
440 429 430 0.009704
441 430 431 0.005194
442 431 432 0.008977
443 432 433 0.006754
444 433 434 0.006456
445 435 436 0.027855
446 436 437 0.013033
447 437 438 0.030728
448 438 439 0.042129
449 439 440 0.015160
450 440 441 0.017154
451 441 442 0.002143
452 442 443 0.011499
453 443 444 0.015365
454 444 445 0.015752
455 445 446 0.018477
456 446 447 0.009295
457 447 448 0.010383
458 448 449 0.024371
459 449 450 0.009666
460 450 451 0.030937
461 451 452 0.004722
462 452 453 0.006556
463 453 454 0.018902
464 454 455 0.019619
465 455 456 0.022788
466 456 457 0.004799
467 457 468 0.026642
468 457 478 0.003990
469 458 459 0.055858
470 459 460 0.053903
471 460 461 0.031834
472 461 462 0.100333
473 462 463 0.015642
474 463 464 0.013136
475 464 465 0.015765
476 465 466 0.015425
477 466 467 0.053143
478 467 468 0.010291
479 469 470 0.008245
480 470 516 0.017702
481 470 545 0.036389
482 471 472 0.025779
483 472 473 0.011593
484 473 474 0.011106
485 474 475 0.011284
486 475 476 0.004586
487 476 477 0.010103
488 477 481 0.027718
489 478 479 0.010643
490 479 480 0.058453
491 480 523 0.010848
492 480 902 0.083503
493 481 544 0.032798
494 482 483 0.001047
495 483 484 0.016720
496 484 485 0.007519
497 485 486 0.017070
498 486 487 0.015004
499 487 488 0.007683
500 488 489 0.002713
501 489 490 0.023790
502 490 491 0.013676
503 491 492 0.012038
504 492 493 0.010487
505 493 494 0.007124
506 494 495 0.035241
507 495 496 0.007023
508 496 497 0.016206
509 497 498 0.009512
510 498 499 0.008842
511 499 500 0.009639
512 500 501 0.009205
513 501 502 0.016065
514 502 503 0.007692
515 503 504 0.006543
516 504 505 0.024364
517 505 506 0.014047
518 506 507 0.014273
519 507 508 0.031318
520 508 509 0.003953
521 509 510 0.040348
522 510 511 0.034589
523 511 512 0.035563
524 512 513 0.006591
525 513 514 0.009959
526 514 515 0.003271
527 515 735 0.009671
528 516 517 0.011969
529 517 518 0.019113
530 518 519 0.022519
531 519 520 0.039687
532 520 521 0.004787
533 521 522 0.003819
534 522 542 0.005775
535 522 817 0.007179
536 523 524 0.011658
537 524 525 0.007419
538 525 526 0.012037
539 526 527 0.016195
540 527 528 0.031069
541 528 529 0.029040
542 529 530 0.013446
543 530 531 0.013909
544 531 532 0.012502
545 532 533 0.003006
546 533 534 0.021761
547 534 535 0.008105
548 535 536 0.005906
549 536 537 0.010234
550 537 538 0.017221
551 538 539 0.032556
552 539 540 0.017633
553 540 541 0.014845
554 542 543 0.005106
555 543 701 0.005718
556 543 868 0.006680
557 544 675 0.014486
558 545 546 0.013373
559 546 547 0.010688
560 547 548 0.009708
561 548 549 0.003362
562 549 550 0.022047
563 550 551 0.017009
564 551 552 0.028054
565 552 553 0.005718
566 553 554 0.005072
567 554 555 0.025252
568 555 556 0.016158
569 556 557 0.025789
570 557 558 0.010251
571 558 559 0.009336
572 559 560 0.020063
573 560 561 0.020721
574 560 590 0.002751
575 561 562 0.008444
576 562 563 0.023499
577 563 564 0.034261
578 564 565 0.009757
579 565 566 0.018632
580 566 567 0.007762
581 567 568 0.016140
582 568 569 0.019113
583 569 570 0.017033
584 570 571 0.015490
585 571 572 0.032357
586 572 573 0.029751
587 573 574 0.017380
588 574 575 0.008320
589 575 576 0.011524
590 576 577 0.025232
591 577 578 0.000657
592 578 579 0.012903
593 579 580 0.013806
594 580 581 0.028396
595 581 582 0.042887
596 582 583 0.013456
597 583 584 0.017702
598 584 585 0.009308
599 585 586 0.009418
600 586 587 0.002065
601 587 588 0.018870
602 588 589 0.023415
603 590 591 0.001495
604 591 861 0.026088
605 591 917 0.016669
606 592 593 0.011772
607 592 642 0.003616
608 592 1083 0.020933
609 593 594 0.013466
610 594 595 0.004519
611 595 596 0.017403
612 596 597 0.006674
613 597 598 0.005963
614 598 599 0.021033
615 599 600 0.019845
616 600 601 0.006786
617 601 602 0.011992
618 602 603 0.032998
619 603 604 0.002268
620 604 605 0.015062
621 605 606 0.009128
622 606 607 0.024794
623 607 608 0.022934
624 608 609 0.020521
625 609 610 0.009326
626 610 611 0.006111
627 611 612 0.017485
628 612 613 0.005203
629 613 614 0.015677
630 614 615 0.006818
631 615 616 0.037264
632 616 617 0.012234
633 617 618 0.011493
634 618 619 0.039690
635 619 620 0.006579
636 620 621 0.007334
637 621 622 0.008184
638 622 623 0.005320
639 623 624 0.009409
640 624 625 0.009560
641 625 626 0.009765
642 627 628 0.011638
643 628 629 0.010705
644 629 630 0.019697
645 630 631 0.030543
646 631 632 0.027271
647 632 633 0.032294
648 633 634 0.015796
649 634 635 0.000805
650 635 636 0.022394
651 636 637 0.006974
652 637 638 0.010313
653 638 639 0.011253
654 639 640 0.014834
655 640 641 0.043803
656 641 642 0.023013
657 643 644 0.009602
658 644 645 0.012447
659 645 646 0.029292
660 646 647 0.009817
661 647 648 0.029633
662 648 649 0.013401
663 649 650 0.007715
664 650 651 0.012175
665 651 652 0.009391
666 652 653 0.004769
667 653 654 0.011562
668 654 655 0.005774
669 655 656 0.019370
670 656 657 0.009324
671 657 658 0.027728
672 658 659 0.006126
673 659 660 0.021045
674 660 661 0.007218
675 661 662 0.011855
676 662 663 0.016156
677 663 664 0.001409
678 664 665 0.013537
679 665 666 0.021287
680 666 752 0.016965
681 666 949 0.024169
682 667 668 0.005566
683 668 720 0.006896
684 669 670 0.081709
685 670 671 0.003099
686 671 672 0.016691
687 672 673 0.021799
688 673 674 0.026353
689 674 749 0.004915
690 674 822 0.004144
691 675 676 0.007437
692 676 677 0.009001
693 677 678 0.014148
694 678 679 0.024019
695 679 680 0.012897
696 680 681 0.007815
697 681 750 0.009300
698 682 683 0.004121
699 682 719 0.002514
700 682 889 0.004577
701 683 684 0.013233
702 684 685 0.026179
703 685 686 0.010324
704 686 687 0.009429
705 687 688 0.025105
706 688 689 0.029454
707 689 690 0.010365
708 690 691 0.006951
709 691 692 0.002032
710 692 693 0.027893
711 693 694 0.017257
712 694 695 0.054184
713 695 696 0.044179
714 696 697 0.005620
715 697 698 0.007614
716 698 699 0.052099
717 699 700 0.010310
718 701 702 0.036672
719 702 703 0.014352
720 703 704 0.015619
721 704 705 0.015652
722 705 706 0.011079
723 706 707 0.010474
724 707 708 0.010620
725 708 709 0.028092
726 709 710 0.013104
727 710 711 0.001649
728 711 712 0.027650
729 712 713 0.014821
730 713 714 0.033834
731 714 715 0.018770
732 715 716 0.037311
733 716 717 0.020792
734 717 718 0.006496
735 718 719 0.004354
736 720 721 0.018013
737 721 722 0.035294
738 722 723 0.039410
739 723 724 0.023640
740 724 725 0.010247
741 725 726 0.032511
742 726 727 0.007594
743 726 736 0.039801
744 726 1017 0.031255
745 727 728 0.040845
746 728 729 0.015186
747 729 730 0.008615
748 730 731 0.019940
749 731 732 0.014950
750 732 733 0.007228
751 733 734 0.004005
752 734 735 0.012319
753 736 737 0.017010
754 737 738 0.012271
755 738 739 0.027350
756 739 740 0.014343
757 740 741 0.039624
758 741 742 0.008348
759 742 743 0.003940
760 743 744 0.013790
761 744 745 0.021093
762 745 746 0.022948
763 746 747 0.024513
764 747 748 0.011904
765 748 749 0.019010
766 750 751 0.031365
767 751 762 0.023117
768 751 855 0.002615
769 752 753 0.024954
770 753 754 0.002746
771 754 755 0.010372
772 755 756 0.006760
773 756 757 0.016134
774 757 758 0.007379
775 758 759 0.016991
776 759 760 0.009499
777 760 761 0.017755
778 761 1079 0.008897
779 762 763 0.014156
780 763 764 0.016768
781 764 765 0.008768
782 765 766 0.007475
783 766 767 0.010683
784 767 768 0.008152
785 768 769 0.010054
786 769 770 0.013089
787 770 771 0.008306
788 771 772 0.024574
789 772 773 0.004409
790 773 774 0.002101
791 774 775 0.013805
792 775 776 0.013513
793 776 777 0.010630
794 777 778 0.010712
795 778 779 0.010035
796 779 780 0.024228
797 780 781 0.012854
798 781 782 0.014674
799 782 783 0.006897
800 783 784 0.025293
801 784 785 0.010318
802 785 786 0.005343
803 786 787 0.031766
804 787 788 0.036040
805 788 789 0.017120
806 789 790 0.021889
807 790 791 0.004812
808 791 792 0.007464
809 792 793 0.003305
810 793 794 0.004018
811 794 795 0.020371
812 795 796 0.016840
813 796 797 0.016465
814 797 798 0.006594
815 798 799 0.010875
816 799 800 0.007792
817 800 801 0.012472
818 801 802 0.016859
819 802 803 0.010181
820 803 804 0.010283
821 804 805 0.004709
822 805 806 0.004697
823 806 807 0.008318
824 807 808 0.007646
825 808 809 0.021864
826 809 810 0.011256
827 810 811 0.038316
828 811 812 0.023623
829 812 813 0.022312
830 813 814 0.017151
831 814 815 0.001193
832 815 816 0.006784
833 817 818 0.016712
834 818 819 0.064256
835 819 820 0.039260
836 820 821 0.008111
837 821 875 0.003921
838 821 1007 0.004729
839 822 823 0.030262
840 823 824 0.028968
841 824 825 0.052301
842 825 851 0.004027
843 826 827 0.014678
844 826 845 0.009164
845 826 901 0.010792
846 827 828 0.023107
847 828 829 0.014754
848 829 830 0.019438
849 830 831 0.028213
850 831 832 0.014602
851 832 833 0.023913
852 833 834 0.001930
853 834 835 0.012749
854 835 836 0.061987
855 836 837 0.005967
856 837 838 0.015919
857 838 839 0.026760
858 839 840 0.008052
859 840 841 0.014894
860 841 842 0.026783
861 842 843 0.017058
862 843 844 0.017317
863 845 846 0.013703
864 846 847 0.028083
865 847 848 0.022637
866 848 849 0.004012
867 849 850 0.005582
868 850 852 0.002804
869 850 853 0.006454
870 851 852 0.008013
871 852 854 0.011853
872 853 945 0.008872
873 854 940 0.016032
874 855 856 0.008900
875 856 857 0.028010
876 857 858 0.010042
877 858 859 0.014074
878 859 860 0.008550
879 860 969 0.011820
880 861 862 0.055392
881 862 863 0.028605
882 863 864 0.025978
883 864 865 0.003341
884 865 866 0.017842
885 866 867 0.010565
886 867 934 0.018116
887 867 1109 0.011284
888 868 869 0.030856
889 869 870 0.085589
890 870 871 0.009033
891 871 872 0.018769
892 872 873 0.033549
893 873 874 0.018993
894 874 879 0.009426
895 874 914 0.026193
896 875 876 0.021337
897 876 877 0.009224
898 877 878 0.040263
899 878 879 0.013028
900 880 881 0.016198
901 880 913 0.019154
902 881 882 0.010577
903 882 883 0.026748
904 883 884 0.054610
905 884 885 0.009999
906 885 886 0.024511
907 886 887 0.003772
908 887 888 0.011979
909 888 889 0.025506
910 890 891 0.024721
911 890 912 0.006557
912 890 1213 0.016236
913 891 892 0.015260
914 892 893 0.032066
915 893 894 0.062600
916 894 895 0.025465
917 895 896 0.000810
918 896 897 0.015100
919 897 898 0.012182
920 898 899 0.014308
921 899 900 0.025617
922 900 901 0.032624
923 902 903 0.025823
924 903 904 0.029456
925 904 905 0.018089
926 905 906 0.136803
927 906 907 0.007356
928 907 908 0.024474
929 908 909 0.015157
930 909 910 0.058817
931 910 911 0.020685
932 911 912 0.017748
933 913 916 0.015169
934 913 1027 0.021019
935 914 915 0.009557
936 915 916 0.021244
937 917 918 0.019646
938 918 919 0.014686
939 919 920 0.017089
940 920 921 0.011955
941 921 922 0.008562
942 922 923 0.013974
943 923 924 0.007158
944 924 925 0.015516
945 925 926 0.007198
946 926 927 0.011868
947 927 928 0.021309
948 928 929 0.007191
949 929 930 0.023280
950 930 931 0.014900
951 931 932 0.024887
952 932 933 0.011984
953 932 962 0.033694
954 933 939 0.015068
955 933 965 0.022958
956 934 935 0.003779
957 935 936 0.010465
958 936 937 0.019942
959 937 938 0.024994
960 938 939 0.010602
961 940 941 0.017723
962 941 942 0.019775
963 942 943 0.038839
964 943 944 0.011991
965 944 948 0.009207
966 944 1174 0.013752
967 945 946 0.018412
968 946 947 0.060649
969 947 948 0.008816
970 949 950 0.021045
971 950 951 0.017383
972 951 952 0.017214
973 952 953 0.019243
974 953 954 0.006205
975 954 955 0.009166
976 955 956 0.016586
977 956 957 0.001580
978 957 958 0.009705
979 958 959 0.011859
980 959 960 0.032413
981 960 961 0.024339
982 961 1043 0.013317
983 961 1136 0.001305
984 962 963 0.016732
985 963 964 0.021308
986 964 968 0.010950
987 964 1021 0.008795
988 965 966 0.017647
989 966 967 0.025538
990 967 968 0.006738
991 969 970 0.015126
992 970 971 0.042728
993 971 972 0.017376
994 972 973 0.014037
995 973 974 0.020248
996 974 975 0.010003
997 975 976 0.006979
998 976 977 0.010966
999 977 978 0.002235
1000 978 1185 0.012058
1001 978 1455 0.015152
1002 979 980 0.000964
1003 979 1020 0.032902
1004 980 981 0.006427
1005 982 983 0.009413
1006 982 1022 0.020736
1007 982 1384 0.008017
1008 983 984 0.007014
1009 984 985 0.016431
1010 985 986 0.004223
1011 986 987 0.021254
1012 987 988 0.006850
1013 988 989 0.022210
1014 989 990 0.029575
1015 990 991 0.020762
1016 991 992 0.007576
1017 992 993 0.007850
1018 993 994 0.012147
1019 994 995 0.003751
1020 995 996 0.009900
1021 996 997 0.018930
1022 997 998 0.008459
1023 998 999 0.012701
1024 999 1000 0.011291
1025 1000 1001 0.026309
1026 1001 1002 0.013183
1027 1002 1003 0.023170
1028 1003 1004 0.009814
1029 1004 1005 0.012952
1030 1005 1006 0.006669
1031 1006 1007 0.012846
1032 1008 1009 0.023997
1033 1008 1018 0.014983
1034 1008 1082 0.021691
1035 1009 1010 0.017064
1036 1010 1011 0.028686
1037 1011 1012 0.023801
1038 1012 1013 0.032271
1039 1013 1014 0.002734
1040 1014 1015 0.017508
1041 1015 1016 0.012640
1042 1016 1017 0.040830
1043 1018 1019 0.022314
1044 1019 1020 0.034933
1045 1021 1022 0.013049
1046 1023 1024 0.001405
1047 1024 1025 0.005016
1048 1025 1026 0.006304
1049 1026 1031 0.004179
1050 1026 1032 0.009283
1051 1027 1028 0.009448
1052 1028 1029 0.103112
1053 1029 1030 0.002515
1054 1030 1031 0.014368
1055 1032 1153 0.011153
1056 1032 1726 0.039439
1057 1033 1034 0.007774
1058 1033 1044 0.012573
1059 1033 1284 0.015605
1060 1034 1035 0.009472
1061 1035 1036 0.009005
1062 1036 1037 0.022774
1063 1037 1038 0.007532
1064 1038 1039 0.024111
1065 1039 1040 0.028290
1066 1040 1041 0.019162
1067 1041 1042 0.017220
1068 1042 1043 0.000663
1069 1044 1045 0.006423
1070 1045 1046 0.007647
1071 1046 1047 0.005415
1072 1047 1048 0.009156
1073 1048 1049 0.009826
1074 1049 1050 0.004224
1075 1050 1051 0.007517
1076 1051 1052 0.009479
1077 1052 1053 0.004321
1078 1053 1054 0.018277
1079 1054 1055 0.004434
1080 1055 1056 0.006355
1081 1056 1057 0.009770
1082 1057 1058 0.019860
1083 1058 1059 0.011166
1084 1059 1060 0.002825
1085 1060 1061 0.021202
1086 1061 1062 0.003951
1087 1062 1063 0.008538
1088 1063 1064 0.004712
1089 1064 1065 0.007965
1090 1065 1066 0.011770
1091 1066 1067 0.029870
1092 1067 1068 0.019785
1093 1068 1069 0.019557
1094 1069 1070 0.005848
1095 1070 1071 0.015712
1096 1071 1072 0.019331
1097 1072 1073 0.014033
1098 1073 1074 0.011695
1099 1074 1075 0.012605
1100 1075 1076 0.014182
1101 1076 1077 0.005067
1102 1077 1078 0.012128
1103 1078 1079 0.008725
1104 1080 1081 0.010445
1105 1080 1304 0.018122
1106 1080 1355 0.014892
1107 1081 1082 0.020943
1108 1083 1084 0.014324
1109 1084 1085 0.007844
1110 1085 1086 0.021226
1111 1086 1087 0.015611
1112 1087 1088 0.008247
1113 1088 1089 0.035553
1114 1089 1090 0.007618
1115 1090 1091 0.003151
1116 1091 1092 0.008475
1117 1092 1093 0.014568
1118 1093 1094 0.035933
1119 1094 1095 0.011224
1120 1095 1096 0.006256
1121 1096 1097 0.005318
1122 1097 1098 0.019608
1123 1098 1099 0.009851
1124 1099 1100 0.007066
1125 1100 1101 0.006309
1126 1101 1102 0.010326
1127 1102 1103 0.006106
1128 1103 1104 0.000566
1129 1104 1105 0.027349
1130 1105 1106 0.035448
1131 1106 1107 0.020262
1132 1107 1108 0.027780
1133 1108 1164 0.021465
1134 1108 1173 0.042357
1135 1109 1110 0.013818
1136 1110 1111 0.019280
1137 1111 1112 0.027525
1138 1112 1113 0.011530
1139 1113 1114 0.032643
1140 1114 1115 0.010637
1141 1115 1116 0.021807
1142 1116 1117 0.040083
1143 1117 1118 0.023710
1144 1118 1119 0.012760
1145 1119 1120 0.040008
1146 1120 1121 0.016977
1147 1121 1122 0.011435
1148 1122 1123 0.005194
1149 1123 1124 0.016298
1150 1124 1125 0.016540
1151 1125 1126 0.008254
1152 1126 1127 0.015288
1153 1127 1128 0.008816
1154 1128 1129 0.017062
1155 1129 1130 0.018218
1156 1130 1131 0.032669
1157 1131 1132 0.019987
1158 1132 1133 0.001378
1159 1133 1134 0.039005
1160 1134 1135 0.021483
1161 1135 1152 0.013062
1162 1135 1356 0.009422
1163 1136 1137 0.015492
1164 1137 1138 0.009887
1165 1138 1139 0.013050
1166 1139 1140 0.011502
1167 1140 1141 0.025431
1168 1141 1142 0.022256
1169 1142 1143 0.006057
1170 1143 1144 0.019428
1171 1144 1145 0.004864
1172 1145 1146 0.014781
1173 1146 1147 0.002351
1174 1147 1148 0.009832
1175 1148 1149 0.006996
1176 1149 1150 0.008265
1177 1150 1151 0.033881
1178 1151 1152 0.009172
1179 1153 1154 0.010550
1180 1154 1155 0.007511
1181 1155 1156 0.021010
1182 1156 1157 0.031504
1183 1157 1158 0.016029
1184 1158 1159 0.013953
1185 1159 1160 0.010828
1186 1160 1161 0.016136
1187 1161 1162 0.021813
1188 1162 1163 0.011044
1189 1163 1168 0.012257
1190 1164 1165 0.048102
1191 1165 1166 0.013967
1192 1166 1167 0.019331
1193 1167 1214 0.009755
1194 1167 1567 0.018111
1195 1168 1169 0.002131
1196 1169 1170 0.042520
1197 1170 1171 0.057897
1198 1171 1172 0.061372
1199 1172 1173 0.002502
1200 1174 1175 0.012324
1201 1175 1176 0.013919
1202 1176 1177 0.009996
1203 1177 1178 0.020864
1204 1178 1179 0.013024
1205 1179 1180 0.024329
1206 1180 1181 0.022860
1207 1181 1182 0.002029
1208 1182 1183 0.013727
1209 1183 1184 0.015613
1210 1184 1324 0.041016
1211 1184 1431 0.025247
1212 1185 1186 0.018403
1213 1186 1187 0.015907
1214 1187 1188 0.012918
1215 1188 1189 0.013468
1216 1189 1190 0.007698
1217 1190 1191 0.013763
1218 1191 1192 0.008248
1219 1192 1193 0.020264
1220 1193 1194 0.011440
1221 1194 1195 0.006095
1222 1195 1196 0.002555
1223 1196 1197 0.003320
1224 1197 1317 0.008489
1225 1198 1199 0.082233
1226 1198 1272 0.002188
1227 1198 1273 0.005273
1228 1199 1200 0.014458
1229 1200 1201 0.014832
1230 1201 1202 0.022007
1231 1202 1203 0.009397
1232 1203 1204 0.023386
1233 1204 1205 0.016510
1234 1205 1206 0.015569
1235 1206 1207 0.012724
1236 1207 1208 0.010079
1237 1208 1209 0.018617
1238 1209 1210 0.022885
1239 1210 1211 0.011334
1240 1211 1212 0.000772
1241 1212 1213 0.035251
1242 1214 1215 0.026755
1243 1215 1216 0.017437
1244 1216 1217 0.011969
1245 1217 1218 0.014956
1246 1218 1219 0.023646
1247 1219 1220 0.007707
1248 1220 1221 0.025845
1249 1221 1222 0.010564
1250 1222 1223 0.013590
1251 1223 1224 0.041316
1252 1224 1225 0.007209
1253 1225 1226 0.016352
1254 1226 1227 0.016758
1255 1227 1228 0.032188
1256 1228 1229 0.015635
1257 1229 1230 0.020199
1258 1230 1231 0.011130
1259 1231 1232 0.012257
1260 1232 1233 0.012771
1261 1233 1234 0.007307
1262 1234 1235 0.013803
1263 1235 1236 0.015667
1264 1236 1237 0.011130
1265 1237 1238 0.014123
1266 1238 1239 0.026116
1267 1239 1240 0.010990
1268 1240 1241 0.021042
1269 1241 1242 0.019928
1270 1242 1243 0.016739
1271 1243 1244 0.025895
1272 1244 1245 0.013456
1273 1245 1246 0.022205
1274 1246 1247 0.028603
1275 1247 1248 0.018860
1276 1248 1249 0.013106
1277 1249 1250 0.000556
1278 1250 1251 0.012950
1279 1251 1252 0.013375
1280 1252 1253 0.016314
1281 1253 1254 0.018047
1282 1254 1255 0.040832
1283 1255 1256 0.009485
1284 1256 1257 0.030586
1285 1257 1258 0.005185
1286 1258 1259 0.007110
1287 1259 1260 0.009476
1288 1260 1261 0.010973
1289 1261 1262 0.030659
1290 1262 1263 0.010204
1291 1263 1264 0.013070
1292 1264 1265 0.004850
1293 1265 1266 0.043732
1294 1266 1267 0.015604
1295 1267 1268 0.017417
1296 1268 1269 0.011364
1297 1269 1270 0.013098
1298 1270 1271 0.022144
1299 1271 1272 0.012850
1300 1273 1303 0.007558
1301 1273 1494 0.022655
1302 1274 1275 0.026306
1303 1274 1302 0.009398
1304 1274 1454 0.004118
1305 1275 1276 0.021712
1306 1276 1277 0.010755
1307 1277 1278 0.013479
1308 1278 1279 0.008355
1309 1279 1280 0.010515
1310 1280 1281 0.038994
1311 1281 1282 0.007054
1312 1282 1283 0.009152
1313 1283 1284 0.004528
1314 1285 1286 0.013013
1315 1286 1287 0.009904
1316 1287 1288 0.011321
1317 1288 1289 0.009525
1318 1289 1290 0.017322
1319 1290 1291 0.013904
1320 1291 1292 0.008314
1321 1292 1293 0.029492
1322 1293 1294 0.033703
1323 1294 1295 0.001012
1324 1295 1296 0.028541
1325 1296 1297 0.023138
1326 1297 1298 0.008623
1327 1298 1299 0.009557
1328 1299 1300 0.020304
1329 1300 1301 0.017896
1330 1301 1302 0.016377
1331 1303 1430 0.036768
1332 1303 1591 0.025856
1333 1304 1305 0.009764
1334 1305 1306 0.013716
1335 1306 1307 0.009820
1336 1307 1308 0.022183
1337 1308 1309 0.026805
1338 1309 1310 0.006690
1339 1310 1311 0.011738
1340 1311 1312 0.012841
1341 1312 1313 0.005994
1342 1313 1314 0.012018
1343 1314 1315 0.005413
1344 1315 1316 0.003384
1345 1317 1318 0.008950
1346 1318 1319 0.007381
1347 1319 1320 0.021398
1348 1320 1321 0.014169
1349 1321 1322 0.013452
1350 1322 1323 0.009373
1351 1323 1529 0.017660
1352 1324 1325 0.014827
1353 1325 1326 0.105839
1354 1326 1327 0.004455
1355 1327 1328 0.005903
1356 1328 1329 0.025254
1357 1329 1330 0.024346
1358 1330 1331 0.005937
1359 1331 1332 0.030138
1360 1332 1333 0.010401
1361 1333 1334 0.007342
1362 1334 1335 0.009183
1363 1335 1336 0.022478
1364 1336 1337 0.013189
1365 1337 1338 0.007075
1366 1338 1339 0.006109
1367 1339 1340 0.017536
1368 1340 1341 0.004860
1369 1341 1342 0.014227
1370 1342 1343 0.007020
1371 1343 1344 0.009705
1372 1344 1345 0.013804
1373 1345 1346 0.011001
1374 1346 1347 0.018735
1375 1347 1348 0.013251
1376 1348 1349 0.009763
1377 1349 1350 0.008634
1378 1350 1351 0.000961
1379 1351 1352 0.012356
1380 1352 1353 0.027434
1381 1353 1354 0.012229
1382 1354 1355 0.014565
1383 1356 1357 0.011099
1384 1357 1358 0.037771
1385 1358 1359 0.039490
1386 1359 1360 0.022296
1387 1360 1361 0.016041
1388 1361 1362 0.006875
1389 1362 1363 0.005058
1390 1363 1364 0.004762
1391 1364 1365 0.014059
1392 1365 1366 0.007987
1393 1366 1367 0.011611
1394 1367 1368 0.009304
1395 1368 1369 0.026205
1396 1369 1370 0.011565
1397 1370 1371 0.022078
1398 1371 1372 0.008547
1399 1372 1373 0.010159
1400 1373 1374 0.005463
1401 1374 1375 0.015709
1402 1375 1376 0.004746
1403 1376 1377 0.006477
1404 1377 1378 0.006414
1405 1378 1379 0.009192
1406 1379 1380 0.008268
1407 1380 1381 0.013087
1408 1381 1382 0.018273
1409 1382 1383 0.012266
1410 1384 1385 0.010316
1411 1385 1386 0.021670
1412 1386 1387 0.004570
1413 1387 1388 0.008242
1414 1388 1389 0.005467
1415 1389 1390 0.013053
1416 1390 1391 0.022415
1417 1391 1392 0.023354
1418 1392 1393 0.014941
1419 1393 1394 0.009740
1420 1394 1395 0.002711
1421 1395 1396 0.016855
1422 1396 1397 0.011900
1423 1397 1398 0.021118
1424 1398 1399 0.054670
1425 1399 1400 0.007127
1426 1400 1401 0.013600
1427 1401 1402 0.009339
1428 1402 1403 0.001511
1429 1403 1404 0.009644
1430 1404 1405 0.018048
1431 1405 1406 0.016515
1432 1406 1407 0.018266
1433 1407 1408 0.011342
1434 1409 1410 0.029104
1435 1409 1525 0.038766
1436 1409 1566 0.029287
1437 1410 1411 0.020349
1438 1411 1412 0.004117
1439 1412 1413 0.009564
1440 1413 1414 0.020708
1441 1414 1415 0.008223
1442 1415 1416 0.013444
1443 1416 1417 0.010748
1444 1417 1418 0.025214
1445 1418 1419 0.010293
1446 1419 1420 0.020392
1447 1420 1421 0.010248
1448 1421 1422 0.004483
1449 1422 1423 0.031857
1450 1423 1424 0.081297
1451 1424 1425 0.020262
1452 1425 1426 0.009543
1453 1426 1427 0.014537
1454 1427 1428 0.016961
1455 1428 1429 0.030288
1456 1429 1430 0.068630
1457 1431 1432 0.029531
1458 1432 1433 0.024530
1459 1433 1434 0.013505
1460 1434 1435 0.009720
1461 1435 1436 0.012945
1462 1436 1437 0.014255
1463 1437 1438 0.005383
1464 1438 1439 0.013282
1465 1439 1440 0.017992
1466 1440 1441 0.010743
1467 1441 1442 0.014586
1468 1442 1524 0.009357
1469 1442 1706 0.023161
1470 1442 1758 0.013074
1471 1443 1444 0.015901
1472 1443 1493 0.027200
1473 1443 1551 0.001193
1474 1444 1445 0.009732
1475 1445 1446 0.018004
1476 1446 1447 0.012200
1477 1447 1448 0.007915
1478 1448 1449 0.028358
1479 1449 1450 0.008695
1480 1450 1451 0.007947
1481 1451 1452 0.022578
1482 1452 1453 0.002138
1483 1453 1454 0.011552
1484 1455 1456 0.040210
1485 1456 1457 0.029681
1486 1457 1458 0.021726
1487 1458 1459 0.025320
1488 1459 1460 0.005172
1489 1460 1461 0.012565
1490 1461 1462 0.017297
1491 1462 1463 0.017272
1492 1463 1464 0.016115
1493 1464 1465 0.010599
1494 1465 1466 0.017540
1495 1466 1467 0.012365
1496 1467 1468 0.005947
1497 1468 1469 0.014824
1498 1469 1470 0.011018
1499 1470 1471 0.012398
1500 1471 1472 0.001405
1501 1472 1473 0.012787
1502 1473 1474 0.008813
1503 1474 1475 0.015702
1504 1475 1476 0.019012
1505 1476 1477 0.016789
1506 1477 1478 0.013257
1507 1478 1479 0.007038
1508 1479 1480 0.017164
1509 1480 1481 0.023168
1510 1481 1482 0.015364
1511 1482 1483 0.006402
1512 1483 1484 0.012032
1513 1484 1485 0.015508
1514 1485 1486 0.016625
1515 1486 1487 0.011209
1516 1487 1488 0.010722
1517 1488 1489 0.012600
1518 1489 1490 0.016425
1519 1490 1491 0.010356
1520 1491 1492 0.019739
1521 1492 1493 0.002134
1522 1494 1495 0.016989
1523 1495 1496 0.050905
1524 1496 1497 0.011292
1525 1497 1498 0.020178
1526 1498 1499 0.015653
1527 1499 1500 0.005652
1528 1500 1501 0.008102
1529 1501 1502 0.008945
1530 1502 1503 0.012526
1531 1503 1504 0.010914
1532 1504 1505 0.014290
1533 1505 1506 0.028951
1534 1506 1507 0.012595
1535 1507 1508 0.007083
1536 1508 1509 0.007945
1537 1509 1510 0.012245
1538 1510 1511 0.039524
1539 1511 1512 0.001964
1540 1512 1513 0.007185
1541 1513 1514 0.026328
1542 1514 1515 0.018467
1543 1515 1516 0.020058
1544 1516 1517 0.033562
1545 1517 1518 0.011745
1546 1518 1519 0.012009
1547 1519 1520 0.009319
1548 1520 1521 0.010328
1549 1521 1522 0.007162
1550 1522 1523 0.009238
1551 1523 1524 0.042337
1552 1525 1526 0.004652
1553 1526 1527 0.009460
1554 1527 1528 0.016963
1555 1528 1688 0.016989
1556 1528 1978 0.023034
1557 1529 1530 0.015989
1558 1530 1531 0.016390
1559 1531 1532 0.009806
1560 1532 1533 0.021156
1561 1533 1534 0.006673
1562 1534 1535 0.019271
1563 1535 1536 0.017946
1564 1536 1537 0.012688
1565 1537 1538 0.010642
1566 1538 1539 0.011030
1567 1539 1540 0.025120
1568 1540 1541 0.019765
1569 1541 1542 0.029100
1570 1542 1543 0.018417
1571 1543 1589 0.013077
1572 1544 1545 0.017639
1573 1544 1656 0.014380
1574 1544 1681 0.013890
1575 1545 1546 0.021318
1576 1546 1547 0.028683
1577 1547 1548 0.012299
1578 1548 1549 0.008835
1579 1549 1550 0.015208
1580 1550 1551 0.028846
1581 1552 1553 0.017535
1582 1552 1588 0.030574
1583 1552 1661 0.074978
1584 1552 1897 0.047173
1585 1553 1554 0.029242
1586 1554 1555 0.015646
1587 1555 1556 0.017409
1588 1556 1557 0.025361
1589 1557 1558 0.018006
1590 1558 1559 0.007618
1591 1559 1560 0.018589
1592 1560 1561 0.002879
1593 1561 1562 0.013447
1594 1562 1563 0.021173
1595 1563 1564 0.029844
1596 1564 1565 0.010068
1597 1565 1566 0.029140
1598 1567 1568 0.031239
1599 1568 1569 0.015606
1600 1569 1570 0.011478
1601 1570 1571 0.014761
1602 1571 1572 0.013383
1603 1572 1573 0.030419
1604 1573 1574 0.015009
1605 1574 1575 0.021041
1606 1575 1576 0.024319
1607 1576 1577 0.013881
1608 1577 1578 0.023852
1609 1578 1579 0.023369
1610 1579 1580 0.033075
1611 1580 1581 0.004955
1612 1581 1582 0.012735
1613 1582 1583 0.043651
1614 1583 1584 0.008366
1615 1584 1585 0.013617
1616 1585 1586 0.022212
1617 1586 1587 0.015215
1618 1587 1588 0.011689
1619 1589 1590 0.009774
1620 1590 1608 0.012159
1621 1591 1592 0.012446
1622 1592 1593 0.052091
1623 1593 1594 0.020533
1624 1594 1595 0.022387
1625 1595 1596 0.003491
1626 1596 1597 0.049946
1627 1597 1598 0.016213
1628 1598 1599 0.024976
1629 1599 1600 0.022825
1630 1600 1601 0.025721
1631 1601 1602 0.003310
1632 1602 1603 0.005514
1633 1603 1604 0.009635
1634 1604 1605 0.008258
1635 1605 1606 0.041710
1636 1606 1607 0.015330
1637 1607 1713 0.048379
1638 1607 1830 0.002515
1639 1608 1609 0.013444
1640 1609 1610 0.013672
1641 1610 1657 0.024357
1642 1610 1662 0.017647
1643 1611 1612 0.014167
1644 1611 1660 0.040684
1645 1612 1613 0.016254
1646 1613 1614 0.012293
1647 1614 1615 0.009992
1648 1615 1616 0.021847
1649 1616 1617 0.010269
1650 1617 1618 0.004164
1651 1618 1619 0.017680
1652 1619 1620 0.004315
1653 1620 1621 0.010252
1654 1621 1622 0.025733
1655 1622 1623 0.006467
1656 1623 1624 0.017186
1657 1624 1625 0.009823
1658 1625 1626 0.005757
1659 1626 1627 0.010293
1660 1627 1628 0.010926
1661 1628 1629 0.004900
1662 1629 1630 0.018360
1663 1630 1631 0.003246
1664 1631 1632 0.009281
1665 1632 1633 0.007031
1666 1633 1634 0.003896
1667 1634 1635 0.005898
1668 1635 1636 0.003067
1669 1636 1637 0.012362
1670 1637 1638 0.007404
1671 1638 1639 0.011208
1672 1639 1640 0.002661
1673 1640 1641 0.005814
1674 1641 1642 0.011201
1675 1642 1643 0.009578
1676 1643 1644 0.007305
1677 1644 1645 0.004633
1678 1645 1646 0.011782
1679 1646 1647 0.011011
1680 1647 1648 0.007386
1681 1648 1649 0.007918
1682 1649 1650 0.009365
1683 1650 1651 0.014366
1684 1651 1652 0.031403
1685 1652 1653 0.008399
1686 1653 1654 0.008783
1687 1654 1655 0.001992
1688 1655 1656 0.005551
1689 1657 1658 0.008135
1690 1658 1659 0.012408
1691 1659 1660 0.037323
1692 1661 1664 0.014885
1693 1662 1663 0.007422
1694 1663 1704 0.005439
1695 1664 1667 0.005636
1696 1665 1666 0.018982
1697 1665 2068 0.028582
1698 1665 2260 0.014443
1699 1666 1667 0.006177
1700 1668 1669 0.011305
1701 1668 1687 0.005149
1702 1668 1851 0.032831
1703 1669 1670 0.012949
1704 1670 1671 0.012054
1705 1671 1672 0.019274
1706 1672 1673 0.004823
1707 1673 1674 0.011854
1708 1674 1675 0.019822
1709 1675 1676 0.013265
1710 1676 1677 0.021593
1711 1677 1678 0.023405
1712 1678 1679 0.005957
1713 1679 1680 0.010804
1714 1681 1682 0.017284
1715 1682 1683 0.028718
1716 1683 1684 0.026566
1717 1684 1685 0.012932
1718 1685 1686 0.012643
1719 1686 1687 0.034419
1720 1688 1689 0.016003
1721 1689 1690 0.013924
1722 1690 1691 0.013408
1723 1691 1692 0.017170
1724 1692 1693 0.016640
1725 1693 1694 0.009836
1726 1694 1695 0.016102
1727 1695 1696 0.013235
1728 1696 1697 0.005297
1729 1697 1698 0.006485
1730 1698 1699 0.048329
1731 1699 1700 0.014665
1732 1700 1701 0.013402
1733 1701 1702 0.017787
1734 1702 1703 0.003050
1735 1704 1705 0.012328
1736 1705 1811 0.016645
1737 1706 1707 0.034549
1738 1707 1708 0.071076
1739 1708 1709 0.001396
1740 1709 1710 0.015217
1741 1710 1711 0.024130
1742 1711 1712 0.047738
1743 1712 1725 0.009769
1744 1712 1801 0.008148
1745 1712 1808 0.016541
1746 1713 1714 0.023317
1747 1714 1715 0.008678
1748 1715 1716 0.012701
1749 1716 1717 0.057942
1750 1717 1718 0.011909
1751 1718 1719 0.018709
1752 1719 1720 0.023805
1753 1720 1721 0.010245
1754 1721 1722 0.010031
1755 1722 1723 0.018357
1756 1723 1724 0.029663
1757 1724 1725 0.034167
1758 1726 1727 0.012854
1759 1727 1728 0.011980
1760 1728 1729 0.013463
1761 1729 1730 0.022930
1762 1730 1731 0.027494
1763 1731 1732 0.011955
1764 1732 1733 0.004545
1765 1733 1734 0.022012
1766 1734 1735 0.015172
1767 1735 1736 0.049678
1768 1736 1737 0.016693
1769 1737 1738 0.027538
1770 1738 1739 0.004420
1771 1739 1740 0.021205
1772 1740 1741 0.072058
1773 1741 1742 0.022133
1774 1742 1743 0.013874
1775 1743 1744 0.001255
1776 1744 1745 0.010201
1777 1745 1746 0.010377
1778 1746 1747 0.044422
1779 1747 1748 0.018540
1780 1748 1749 0.009842
1781 1749 1750 0.013474
1782 1750 1751 0.008672
1783 1751 1752 0.014662
1784 1752 1753 0.010579
1785 1753 1754 0.021274
1786 1754 1755 0.017979
1787 1755 1756 0.020360
1788 1756 1757 0.012337
1789 1757 1820 0.008895
1790 1758 1759 0.028896
1791 1759 1760 0.013011
1792 1760 1761 0.010003
1793 1761 1762 0.029511
1794 1762 1763 0.034103
1795 1763 1764 0.011182
1796 1764 1765 0.018286
1797 1765 1766 0.014324
1798 1766 1767 0.014267
1799 1767 1768 0.029093
1800 1768 1769 0.022257
1801 1769 1770 0.051771
1802 1770 1771 0.022509
1803 1771 1772 0.001672
1804 1772 1773 0.005587
1805 1773 1774 0.020248
1806 1774 1775 0.064618
1807 1775 1776 0.004713
1808 1776 1777 0.011416
1809 1777 1778 0.011219
1810 1778 1779 0.008762
1811 1779 1780 0.013131
1812 1780 1781 0.005906
1813 1781 1782 0.006896
1814 1782 1783 0.016385
1815 1783 1784 0.010568
1816 1784 1785 0.010502
1817 1785 1786 0.026453
1818 1786 1787 0.008661
1819 1787 1788 0.012592
1820 1788 1789 0.021139
1821 1789 1790 0.005729
1822 1790 1791 0.004531
1823 1791 1792 0.022761
1824 1792 1793 0.070647
1825 1793 1794 0.003244
1826 1794 1795 0.027581
1827 1795 1796 0.029910
1828 1796 1797 0.006681
1829 1797 1798 0.013638
1830 1798 1799 0.041744
1831 1799 1800 0.073564
1832 1800 1807 0.027322
1833 1800 1810 0.035835
1834 1800 1818 0.008406
1835 1801 1802 0.005298
1836 1802 1803 0.004227
1837 1803 1804 0.009123
1838 1804 1805 0.077927
1839 1805 1806 0.004063
1840 1806 1807 0.041078
1841 1808 1809 0.015661
1842 1809 1810 0.054837
1843 1811 1812 0.020197
1844 1812 1813 0.012526
1845 1813 1814 0.006782
1846 1814 1815 0.006051
1847 1815 1816 0.030483
1848 1816 1817 0.013790
1849 1817 1826 0.009062
1850 1818 1819 0.021401
1851 1819 2261 0.024600
1852 1819 2413 0.069559
1853 1820 1821 0.007417
1854 1821 1822 0.015712
1855 1822 1823 0.003087
1856 1823 1824 0.005095
1857 1824 1825 0.004961
1858 1825 1886 0.001830
1859 1826 1827 0.025566
1860 1827 1828 0.014155
1861 1828 1829 0.015800
1862 1829 2013 0.013264
1863 1830 1831 0.010081
1864 1831 1832 0.034950
1865 1832 1833 0.012655
1866 1833 1834 0.019260
1867 1834 1835 0.044088
1868 1835 1836 0.007278
1869 1836 1837 0.013195
1870 1837 1838 0.009606
1871 1838 1839 0.010056
1872 1839 1840 0.020925
1873 1840 2214 0.008516
1874 1840 2284 0.002915
1875 1841 1842 0.010302
1876 1841 1885 0.014715
1877 1841 1888 0.010288
1878 1842 1843 0.010175
1879 1843 1844 0.010889
1880 1844 1845 0.020363
1881 1845 1846 0.021829
1882 1846 1847 0.019085
1883 1847 1848 0.020360
1884 1848 1849 0.017640
1885 1849 1850 0.003252
1886 1851 1852 0.006418
1887 1852 1853 0.006015
1888 1853 1854 0.015925
1889 1854 1855 0.017884
1890 1855 1856 0.034236
1891 1856 1857 0.027651
1892 1857 1858 0.005152
1893 1858 1859 0.002064
1894 1859 1860 0.013657
1895 1860 1861 0.006407
1896 1861 1862 0.020702
1897 1862 1863 0.013982
1898 1863 1864 0.011882
1899 1864 1865 0.023367
1900 1865 1866 0.011103
1901 1866 1867 0.016543
1902 1867 1868 0.014703
1903 1868 1869 0.016637
1904 1869 1870 0.004887
1905 1870 1871 0.013923
1906 1871 1872 0.024602
1907 1872 1873 0.008096
1908 1873 1874 0.025287
1909 1874 1875 0.009336
1910 1875 1876 0.010381
1911 1876 1877 0.012152
1912 1877 1878 0.037105
1913 1878 1879 0.015028
1914 1879 1880 0.002658
1915 1880 1881 0.014415
1916 1881 1882 0.011139
1917 1882 1883 0.035195
1918 1883 1884 0.012314
1919 1884 1885 0.007991
1920 1886 1887 0.033353
1921 1887 2072 0.044244
1922 1888 1889 0.007711
1923 1889 1890 0.025458
1924 1890 1891 0.036725
1925 1891 1892 0.014369
1926 1892 1893 0.014563
1927 1893 1894 0.014465
1928 1894 1895 0.010677
1929 1895 1896 0.010986
1930 1896 1936 0.011743
1931 1897 1898 0.030764
1932 1898 1899 0.025320
1933 1899 1900 0.036096
1934 1900 1901 0.016683
1935 1901 1902 0.020139
1936 1902 1903 0.042483
1937 1903 1904 0.023465
1938 1904 1905 0.023824
1939 1905 1906 0.010967
1940 1906 1907 0.017938
1941 1907 1908 0.007404
1942 1908 1909 0.012106
1943 1909 1910 0.019302
1944 1910 1911 0.013367
1945 1911 1912 0.013093
1946 1912 1979 0.019084
1947 1912 2163 0.006674
1948 1913 1914 0.010021
1949 1913 1947 0.008736
1950 1913 1993 0.032429
1951 1914 1915 0.007508
1952 1915 1916 0.010767
1953 1916 1917 0.008293
1954 1917 1918 0.013819
1955 1918 1919 0.012384
1956 1919 1920 0.013596
1957 1920 1921 0.008646
1958 1921 1922 0.029509
1959 1922 1923 0.006442
1960 1923 1924 0.003988
1961 1924 1925 0.009328
1962 1925 1926 0.006917
1963 1926 1927 0.002156
1964 1927 1928 0.036688
1965 1928 1929 0.016977
1966 1930 1931 0.009348
1967 1930 2012 0.008000
1968 1930 2092 0.014918
1969 1931 1932 0.016298
1970 1932 1933 0.005861
1971 1934 1935 0.007198
1972 1934 1940 0.018154
1973 1934 1948 0.008787
1974 1936 1937 0.006638
1975 1937 1938 0.015306
1976 1938 1939 0.011592
1977 1939 1940 0.009591
1978 1941 1942 0.015507
1979 1941 1948 0.004874
1980 1941 2159 0.010180
1981 1942 1943 0.017486
1982 1943 1944 0.008708
1983 1944 1945 0.014010
1984 1945 1946 0.016654
1985 1946 1947 0.007084
1986 1949 1950 0.007102
1987 1949 1992 0.020651
1988 1949 2215 0.015429
1989 1950 1951 0.012567
1990 1951 1952 0.037049
1991 1952 1953 0.013474
1992 1953 1954 0.007530
1993 1954 1955 0.015633
1994 1955 1956 0.017108
1995 1956 1957 0.011105
1996 1957 1958 0.017442
1997 1958 1959 0.011922
1998 1959 1960 0.008699
1999 1960 1961 0.012761
2000 1961 1962 0.038761
2001 1962 1963 0.026856
2002 1963 1964 0.006666
2003 1964 1965 0.007224
2004 1965 1966 0.004297
2005 1966 1967 0.015085
2006 1967 1968 0.015290
2007 1968 1969 0.012129
2008 1969 1970 0.016748
2009 1970 1971 0.015777
2010 1971 1972 0.014089
2011 1972 1973 0.018243
2012 1973 1974 0.019682
2013 1974 1975 0.015725
2014 1975 1976 0.002104
2015 1976 1977 0.007613
2016 1977 1978 0.019819
2017 1979 1980 0.005167
2018 1980 1981 0.002974
2019 1981 1982 0.018623
2020 1982 1983 0.005446
2021 1983 1984 0.003831
2022 1984 1985 0.036667
2023 1985 1986 0.023099
2024 1986 1987 0.018867
2025 1987 1988 0.013860
2026 1988 1989 0.011492
2027 1989 1990 0.077299
2028 1990 1991 0.012520
2029 1991 1992 0.020723
2030 1993 1994 0.014794
2031 1994 1995 0.016458
2032 1995 1996 0.021907
2033 1996 1997 0.010607
2034 1997 1998 0.013337
2035 1998 1999 0.009004
2036 1999 2000 0.018089